411.43314
415.08618
415.08618
411.43314
411.43314
415.08618
411.43314
411.43314
416.97025
415.08618
416.97025
411.43314
417.12024
415.08618
411.43314
411.43314
415.08618
411.43314
415.08618
411.43314
415.08618
411.43314
411.43314
411.43314
411.43314
416.97025
415.08618
415.08618
415.08618
411.43314
415.08618
411.43314
411.43314
415.08618
415.08618
411.43314
411.43314
415.08618
415.08618
411.43314
415.08618
411.43314
411.43314
411.43314
415.08618
411.43314
416.97025
411.43314
417.12024
411.43314
